-0.09654766321182251
2.8930201530456543
1.344963788986206
1.49570894241333
1.1896989345550537
-0.6842890977859497
-1.0023003816604614
1.229132890701294
0.277083158493042
1.0187406539916992
1.6843674182891846
-0.4821213483810425
5.7539873123168945
0.5615841150283813
-2.4074606895446777
0.05517178773880005
-0.17933101952075958
3.15964674949646
1.2141486406326294
-0.02795124053955078
2.7593188285827637
2.203932285308838
-0.3746618628501892
-2.53916597366333
-1.040060043334961
0.6236070394515991
1.6270672082901
-0.11876457929611206
1.021477460861206
-1.085587978363037
-0.6143592596054077
3.3987677097320557
-0.12886154651641846
2.924476385116577
0.38829630613327026
-0.2890910506248474
0.9884939193725586
1.7684215307235718
-0.931362509727478
0.033089399337768555
0.4850761890411377
0.058248043060302734
0.39513856172561646
1.3852872848510742
1.2816219329833984
1.2786310911178589
0.6970407962799072
2.3514387607574463
0.44854581356048584
-0.4775913953781128
0.922372579574585
1.1843650341033936
-0.07100558280944824
0.1802096962928772
0.13370272517204285
0.5610126256942749
1.8245201110839844
-0.1374051570892334
0.03423488140106201
0.9384374618530273
2.306180000305176
-0.977402925491333
-0.236474871635437
1.6329495906829834
-1.3867621421813965
1.1823151111602783
1.3872654438018799
1.718468189239502
-1.0840331315994263
0.23875463008880615
3.127079486846924
1.9926018714904785
1.269352912902832
3.552649736404419
-0.03091132640838623
1.9620327949523926
2.2584266662597656
0.7171565294265747
-1.8169001340866089
0.605893075466156
-0.3890804648399353
1.9907950162887573
0.850614607334137
0.6769111156463623
2.425480842590332
0.523339033126831
-2.3567962646484375
-1.571518063545227
-0.0803377628326416
1.3844125270843506
-0.2336946725845337
-0.6111804842948914
0.762814998626709
-1.207812786102295
2.170910596847534
0.2538464665412903
0.5158545970916748
2.3920788764953613
0.7505809664726257
-1.466323733329773
-1.8409368991851807
0.35938411951065063
-0.1713113784790039
-1.3356367349624634
1.094858169555664
0.16398489475250244
0.12238287925720215
-1.0920915603637695
0.3697972297668457
0.9620805978775024
-1.75441312789917
1.874122142791748
0.7530902624130249
2.3826980590820312
-0.4163482189178467
0.6605298519134521
-2.0917720794677734
0.059296250343322754
-0.04077070951461792
0.740450382232666
-0.7142956256866455
-0.9865094423294067
1.1453999280929565
0.7650360465049744
1.0109760761260986
2.860057830810547
3.9395453929901123
2.013300895690918
1.8637275695800781
0.0732874870300293
2.3487472534179688
1.321502447128296
2.359818696975708
-1.7928647994995117
0.8333596587181091
0.7257107496261597
0.8742854595184326
1.8587372303009033
-1.615083932876587
2.5910556316375732
2.2904539108276367
1.7515009641647339
-0.674098014831543
1.1495391130447388
-0.6608982086181641
1.4621716737747192
-1.0857847929000854
-0.30967843532562256
0.4258509874343872
-1.1297926902770996
1.3542211055755615
-0.2368175983428955
0.6548667550086975
1.0543081760406494
0.3494358956813812
-0.3352621793746948
0.42083796858787537
1.696810007095337
1.564889669418335
-1.4260276556015015
3.523533821105957
0.7858032584190369
2.1440343856811523
-1.3824143409729004
0.5766568183898926
-3.355217456817627
-0.39092880487442017
1.9636059999465942
0.30249637365341187
3.1363635063171387
2.5582008361816406
1.5305070877075195
1.28242027759552
2.994516611099243
0.48643702268600464
2.463665723800659
2.5244224071502686
-2.1015846729278564
0.3368695378303528
-1.3278096914291382
-2.2098264694213867
0.6614702343940735
4.886736869812012
0.35353177785873413
0.7416251301765442
2.1671323776245117
0.9747224450111389
2.177375316619873
0.16530954837799072
-1.2498855590820312
0.36764782667160034
1.679669737815857
1.6089651584625244
1.497152328491211
0.40411850810050964
1.0838911533355713
0.14457941055297852
2.9874672889709473
-1.258892297744751
-0.710705578327179
3.6306939125061035
0.016305506229400635
-1.5413538217544556
-0.4178987741470337
0.8110365867614746
1.8299239873886108
0.988021194934845
0.5275974869728088
-1.0334930419921875
1.1405069828033447
-0.850094199180603
0.4293033480644226
1.7072659730911255
0.21878066658973694
0.6789880990982056
-0.2563164234161377
-0.5507700443267822
0.25308942794799805
-2.050839424133301
-0.7240420579910278
0.34435445070266724
1.675607681274414
-2.8197197914123535
0.4508737623691559
0.14233720302581787
1.6932429075241089
1.5474461317062378
2.941800594329834
-1.5853298902511597
-2.214127540588379
-1.0217938423156738
0.8639251589775085
4.383296966552734
-0.9651482701301575
1.6619623899459839
-0.22333025932312012
-2.883307695388794
0.14141252636909485
-0.9209631681442261
1.719630241394043
-1.1834712028503418
0.8807018995285034
1.3071846961975098
3.0364229679107666
-2.595597743988037
0.5875815153121948
1.0489418506622314
-2.051600456237793
0.7825061678886414
-0.012166857719421387
1.2457329034805298
-0.9165078401565552
0.5090821981430054
2.763474464416504
-2.1347122192382812
1.1834096908569336
-0.3107670545578003
-1.8350869417190552
-1.022933006286621
-0.21439099311828613
-1.3226714134216309
-0.13329195976257324
-0.9507918357849121
0.24755513668060303
-0.06550431251525879
-2.006046772003174
1.5062373876571655
-0.15819114446640015
1.760223150253296
1.813537836074829
1.159117341041565
1.7449619770050049
2.8751413822174072
0.7689338326454163
0.5130081176757812
0.5502688884735107
-0.7644120454788208
-3.231339454650879
-1.886976718902588
0.7371127009391785
1.9928247928619385
1.1217424869537354
-0.030944466590881348
0.5136663317680359
-1.2699239253997803
-2.264220714569092
0.052498579025268555
-0.15707087516784668
1.062778353691101
3.019606828689575
1.4203693866729736
1.7647064924240112
-2.9260759353637695
0.5777060985565186
-0.5635628700256348
-0.035843849182128906
1.7987473011016846
1.990782618522644
0.9181833267211914
1.3200112581253052
2.839170217514038
0.8229711055755615
1.7597029209136963
-0.5748626589775085
0.6932878494262695
-2.8365819454193115
1.7775291204452515
2.2584939002990723
2.238107204437256
1.084293246269226
-1.4882712364196777
-0.09848982095718384
2.223252773284912
-1.9157500267028809
-1.5539573431015015
-0.7402609586715698
3.615433692932129
2.8330349922180176
0.23387658596038818
-1.7924695014953613
-2.215449333190918
-1.5490431785583496
1.034928321838379
1.8337293863296509
-1.0846624374389648
0.7148831486701965
0.6483845710754395
-0.6273345351219177
-0.7841466665267944
0.7620159983634949
-1.6060967445373535
-1.2922500371932983
5.401556968688965
-0.5194877982139587
2.17602276802063
2.9055542945861816
0.7372867465019226
1.4401085376739502
-0.28951817750930786
0.6034843921661377
2.8752002716064453
0.9030677676200867
0.11193710565567017
-1.9471240043640137
0.10157525539398193
0.14023154973983765
2.2064270973205566
1.8509262800216675
-0.43327999114990234
2.1689114570617676
1.9698858261108398
-0.3972388505935669
2.421421766281128
0.7206045985221863
1.3154287338256836
-0.34303975105285645
-1.399417757987976
2.516691207885742
-1.0471113920211792
-1.4932808876037598
-1.6664152145385742
3.2053210735321045
1.532037615776062
-0.1320810317993164
-1.7875347137451172
-0.6019613146781921
-2.0075504779815674
1.2591068744659424
0.7297630310058594
-1.5276470184326172
1.8512693643569946
0.44617849588394165
2.15277361869812
2.0411834716796875
-0.6214598417282104
-0.4760943651199341
-0.434140682220459
1.4187971353530884
-1.0215673446655273
-0.4347018003463745
-1.8304463624954224
3.336416006088257
0.6591047048568726
-0.08809584379196167
-0.09683096408843994
0.32644009590148926
0.5684256553649902
0.3184995651245117
0.2845197319984436
-2.323105812072754
2.7514002323150635
2.441657543182373
-1.4773179292678833
1.1731297969818115
2.9912068843841553
2.076904773712158
1.0169261693954468
0.2442513108253479
-2.1379404067993164
-0.7224369049072266
0.14250904321670532
2.045660972595215
3.2024736404418945
3.0441417694091797
2.0210185050964355
1.604231357574463
-1.9108155965805054
-0.35523664951324463
0.3256504535675049
0.5149795413017273
-0.6722545623779297
-2.2048726081848145
-2.903075695037842
1.0423383712768555
-0.6421706676483154
-0.431445837020874
-0.23441290855407715
1.8482019901275635
-1.353714108467102
0.46145302057266235
0.08697587251663208
1.0948047637939453
0.33261799812316895
2.5624752044677734
2.691905975341797
-1.6438019275665283
2.317549228668213
-1.7592716217041016
-1.2607834339141846
-1.474149465560913
-0.018352806568145752
0.21100866794586182
-2.5019071102142334
0.7786476612091064
1.8407115936279297
2.096066951751709
-1.15683913230896
-1.8277238607406616
2.607327938079834
0.5434951782226562
1.0935925245285034
1.4320366382598877
-0.20658916234970093
-0.5598889589309692
3.2612271308898926
0.15956813097000122
2.3842523097991943
0.6172835826873779
2.4377079010009766
1.8131505250930786
-0.11133575439453125
1.2722723484039307
-0.43856096267700195
-0.18526268005371094
1.2366429567337036
3.981268882751465
0.6336288452148438
0.2886432409286499
2.026855230331421
0.14000838994979858
-0.587601900100708
3.978663444519043
0.2437954545021057
0.7243448495864868
-1.1697490215301514
2.2684478759765625
2.7249703407287598
1.614324688911438
-0.9967286586761475
0.5620517730712891
-0.5226399898529053
1.3866280317306519
4.002704620361328
0.516560971736908
2.119067907333374
2.9724152088165283
-1.1185542345046997
-0.2671602964401245
0.75572270154953
1.414659857749939
-0.016614198684692383
-1.4953813552856445
-0.2879336178302765
1.1146504878997803
-0.0013766288757324219
1.715354561805725
0.5507810115814209
2.5909509658813477
3.1467936038970947
0.4934402108192444
0.21875345706939697
-0.36837470531463623
-0.587333619594574
1.8047430515289307
-0.6680096387863159
1.2106841802597046
2.2206127643585205
1.5168975591659546
-1.0988481044769287
-0.011074185371398926
2.296935796737671
0.35664063692092896
0.5046632289886475
2.9694857597351074
2.2092671394348145
2.1980624198913574
-1.6771159172058105
1.6826943159103394
0.22270387411117554
0.27991247177124023
1.8670639991760254
0.4822104573249817
-0.44673168659210205
0.9570165872573853
-0.18933618068695068
0.851594090461731
0.22698761522769928
2.466230630874634
2.3491806983947754
-0.3261483907699585
1.1008052825927734
-1.15555739402771
1.9964362382888794
2.375929594039917
0.7539442181587219
-0.13187909126281738
0.1003795862197876
-1.141084909439087
0.5787574052810669
-1.2348910570144653
-0.5293717384338379
0.7223243117332458
1.996341586112976
0.6947213411331177
1.4106897115707397
0.8583284616470337
0.5200761556625366
-0.42884087562561035
0.7365230321884155
-2.562621593475342
0.8143629431724548
1.5766140222549438
2.7183189392089844
0.09056699275970459
-0.6833600401878357
-1.7507059574127197
-0.2215985655784607
-3.088712692260742
0.033388733863830566
0.3835340738296509
-2.1429967880249023
2.9503684043884277
-2.1498732566833496
2.038668632507324
0.9537724256515503
2.8981451988220215
2.858328342437744
-0.16024619340896606
2.5400443077087402
1.0897871255874634
0.12266874313354492
0.9057093858718872
-0.7628300189971924
-1.2368996143341064
2.0764644145965576
1.572775959968567
1.0186595916748047
2.3228182792663574
0.7297831773757935
-0.4528212547302246
-1.5764206647872925
1.6043308973312378
0.5221672058105469
0.2859848141670227
2.018266439437866
-3.210951566696167
-0.22648951411247253
3.018226146697998
1.792380928993225
-0.5634478330612183
-0.7600589990615845
3.0927863121032715
-0.35077208280563354
5.462841987609863
0.9625458717346191
0.8372097015380859
-0.2344490885734558
0.7534987926483154
-0.9613842964172363
2.753490686416626
-2.205705165863037
1.3125746250152588
-2.2836639881134033
1.6020971536636353
1.1031615734100342
0.7942461967468262
0.7362902760505676
1.3222601413726807
1.573786735534668
-0.04883664846420288
-1.0380558967590332
1.007965087890625
0.28737199306488037
-1.0045483112335205
0.0731126070022583
1.3438541889190674
-0.8090225458145142
-0.30308061838150024
-0.40692800283432007
1.5093915462493896
3.31622052192688
1.8604719638824463
-0.17763066291809082
0.9197149276733398
1.5165197849273682
1.9010038375854492
0.5762920379638672
0.51173996925354
-1.4532846212387085
0.06638193130493164
-0.879374086856842
2.6664509773254395
-0.9358479976654053
-2.5829920768737793
2.1112191677093506
-0.7030305862426758
4.213720321655273
0.5989261865615845
-1.4142889976501465
2.129133462905884
-1.9462631940841675
1.0171217918395996
0.16648685932159424
1.4844197034835815
2.254932403564453
0.7050650119781494
-0.381730318069458
2.3452036380767822
0.34175539016723633
-0.587971568107605
0.18191838264465332
4.896459579467773
1.0509088039398193
-0.09358835220336914
-0.6756397485733032
1.9821808338165283
1.8321830034255981
0.4450315237045288
0.029090583324432373
2.468651533126831
1.614654541015625
3.0521438121795654
0.6814119815826416
-0.8028110265731812
1.9337821006774902
0.3534121513366699
1.288273572921753
0.5635521411895752
1.0096056461334229
-2.4771981239318848
-2.5623037815093994
-1.302012324333191
0.8032669425010681
-1.6332978010177612
-1.2222206592559814
-0.1686568260192871
-1.884894847869873
-1.8437212705612183
1.7906031608581543
0.03899627923965454
3.724487543106079
1.0849260091781616
2.5446901321411133
0.515466034412384
0.7731152772903442
1.4343533515930176
0.5665338039398193
0.6149471998214722
1.2513351440429688
1.010155439376831
1.6055690050125122
1.8140602111816406
-0.6329357624053955
0.08296084403991699
2.6339783668518066
2.2685322761535645
2.051295042037964
-0.5681107044219971
-0.7521174550056458
1.488952875137329
2.0308470726013184
-0.6855467557907104
2.3501744270324707
-1.683752179145813
2.2401084899902344
0.03920578956604004
3.8269355297088623
-0.41148120164871216
-0.8031594753265381
-0.08657580614089966
-3.035027503967285
0.7110545635223389
-0.06590664386749268
-0.7963925004005432
-1.082711100578308
1.6174397468566895
0.4890124797821045
4.073581695556641
1.6576186418533325
3.5859827995300293
2.014110565185547
2.956799030303955
1.8276957273483276
1.8665521144866943
1.1655471324920654
0.3418315052986145
-1.6003313064575195
0.507379412651062
4.226975440979004
1.0414705276489258
1.04623544216156
1.7132699489593506
-1.6491260528564453
1.0597131252288818
-1.6559444665908813
1.2172409296035767
0.05887711048126221
1.8392685651779175
2.6286447048187256
0.4710487127304077
3.538862943649292
0.4841468334197998
-0.18869823217391968
1.4099620580673218
-0.8287280797958374
0.3123112916946411
1.3035955429077148
-1.9477516412734985
0.05528092384338379
0.15097349882125854
0.1317049264907837
0.9722200632095337
-0.6522747874259949
1.3286237716674805
1.6951791048049927
2.1680023670196533
1.9106242656707764
0.7940824031829834
1.8825650215148926
1.432741403579712
0.7362228631973267
-2.242841958999634
1.4199132919311523
-0.6355941295623779
0.9616668224334717
-0.7016691565513611
2.1962497234344482
3.038428544998169
-0.36245793104171753
-2.6938509941101074
-0.14602673053741455
1.0460485219955444
1.7644814252853394
0.30467844009399414
-0.27515077590942383
1.9824273586273193
-2.601759195327759
-2.059997320175171
3.1144895553588867
1.456740140914917
-0.18347817659378052
1.8895518779754639
-0.4594602584838867
-0.0910334587097168
0.522361695766449
1.8501160144805908
-0.2467312216758728
-1.5383402109146118
-0.38339805603027344
0.6893863081932068
-0.7777279615402222
-0.7379772663116455
-0.03661537170410156
0.8213741183280945
-0.17647063732147217
0.10044461488723755
-1.8039754629135132
0.29092952609062195
-1.139074683189392
0.2708316147327423
0.8059191703796387
-3.166775703430176
0.03667044639587402
-0.05454576015472412
3.451892137527466
-2.096445083618164
1.91255784034729
2.365856170654297
2.427966594696045
-2.243304967880249
