-0.7588917016983032
0.8689725995063782
-0.5381300449371338
1.2403355836868286
0.5077420473098755
1.5043745040893555
-1.670774221420288
0.2105124592781067
1.3749926090240479
1.4126392602920532
0.15987205505371094
-1.2021061182022095
1.7491308450698853
1.769972562789917
1.566171407699585
1.9390000104904175
1.1965930461883545
1.2574554681777954
1.3865364789962769
0.698957085609436
0.25008654594421387
0.6767228841781616
-0.3145332336425781
1.657279133796692
2.072816848754883
0.7483646273612976
-0.5546684861183167
-1.4955987930297852
1.0739957094192505
0.8750567436218262
-0.07462513446807861
0.03573942184448242
-0.03204500675201416
1.4285558462142944
1.0231544971466064
0.6092500686645508
0.36749476194381714
1.1047446727752686
0.7368282079696655
0.5956459641456604
1.5093255043029785
-0.23650836944580078
1.0529577732086182
0.4360479712486267
1.6940726041793823
0.7250671982765198
-0.5433770418167114
1.7588138580322266
0.5784810781478882
-0.2220931053161621
2.212467908859253
1.7632907629013062
1.3155672550201416
0.14582350850105286
0.11476325988769531
1.4713609218597412
2.027482032775879
1.5498684644699097
1.9644677639007568
0.21875619888305664
2.8290162086486816
-0.25758594274520874
0.2136346995830536
1.8620171546936035
0.4697948098182678
2.0931222438812256
2.0020341873168945
-0.023254752159118652
0.5861098766326904
1.752244234085083
0.3606395721435547
1.4583497047424316
1.5846631526947021
2.7109577655792236
-1.5505177974700928
1.5187711715698242
1.0537569522857666
1.0164979696273804
0.9616833925247192
0.5850295424461365
1.8660695552825928
-0.9998154640197754
1.1283166408538818
1.2932437658309937
0.8978198170661926
1.9043636322021484
0.8669026494026184
0.7832226157188416
0.7155107259750366
0.41374921798706055
1.3755592107772827
-0.5759226083755493
0.9183344841003418
-0.06974649429321289
1.3377357721328735
1.4437888860702515
1.2615013122558594
0.718734860420227
2.1843855381011963
0.943527340888977
2.0127995014190674
-0.3025026321411133
0.8054314255714417
0.5508325099945068
1.4536280632019043
0.6668050289154053
-1.6518752574920654
-0.7951520681381226
2.8293395042419434
0.7735635638237
0.7331453561782837
0.7885693311691284
1.2352635860443115
0.840599536895752
0.7362689971923828
2.402276039123535
0.4448797106742859
1.2733829021453857
1.461488127708435
0.31660687923431396
0.29981711506843567
1.5353398323059082
2.0170741081237793
1.431779384613037
1.6994984149932861
0.3123667240142822
0.7336843013763428
1.1530964374542236
-1.612243413925171
2.1904807090759277
-1.6802982091903687
-0.2837681174278259
1.8208017349243164
0.008533656597137451
0.7059247493743896
1.5648843050003052
2.6884846687316895
0.28112590312957764
0.8971878290176392
0.19147443771362305
0.6937237977981567
1.8422446250915527
-0.00495535135269165
0.09345036745071411
2.235761880874634
2.0997841358184814
0.699141263961792
-0.07893824577331543
0.34875965118408203
-1.002652645111084
1.0214507579803467
0.28155481815338135
3.244875431060791
0.36752206087112427
0.8243051767349243
1.4633398056030273
-0.013907015323638916
1.750597357749939
1.4045839309692383
1.6079609394073486
1.1860324144363403
1.3910006284713745
1.3261451721191406
0.8905824422836304
1.7196940183639526
1.3723864555358887
-0.11959052085876465
0.4783481955528259
-0.08837449550628662
0.24754643440246582
1.4187332391738892
1.2052329778671265
1.7034258842468262
0.05952572822570801
0.6684978008270264
0.5445751547813416
1.1198025941848755
1.327009916305542
2.3898861408233643
-0.2781945466995239
-0.07361459732055664
2.450355052947998
1.1071016788482666
0.8984520435333252
-0.6249061226844788
1.2322856187820435
1.3631596565246582
-0.7712118029594421
2.0608370304107666
1.6240828037261963
-0.32605719566345215
1.408902883529663
1.0299904346466064
1.032605767250061
-1.2931572198867798
-0.6858422756195068
1.8474361896514893
0.1887814998626709
-0.40918099880218506
-0.15578854084014893
0.27074068784713745
0.3927609324455261
1.21731698513031
2.1326327323913574
0.28052079677581787
1.641412615776062
1.1245403289794922
0.911940336227417
0.18942630290985107
1.7278671264648438
-0.2633208930492401
0.7031621336936951
1.5690110921859741
-1.130103349685669
-0.7323579788208008
-0.013537406921386719
0.6119670271873474
1.3161506652832031
0.35410356521606445
2.722351551055908
0.6850990056991577
0.8596822023391724
1.3740603923797607
0.5064119696617126
1.2926218509674072
1.9956077337265015
1.970253586769104
-0.06198161840438843
1.7972649335861206
-0.004904031753540039
0.7251737117767334
2.6402790546417236
0.9586348533630371
0.1741107702255249
0.6528102159500122
0.9386612772941589
1.4414842128753662
0.7984340190887451
1.6205310821533203
0.2553466856479645
0.8523716926574707
-0.12523995339870453
0.5749356150627136
1.003101110458374
1.7247053384780884
2.177934169769287
1.3442814350128174
0.4125680923461914
2.0028085708618164
1.1213165521621704
-0.24928605556488037
0.9224219918251038
1.0863637924194336
1.3117098808288574
0.9192624092102051
0.5978747606277466
1.8864398002624512
0.16567516326904297
1.527510643005371
1.1132019758224487
0.1141136884689331
1.274950623512268
2.036911725997925
2.462756633758545
0.21999216079711914
2.6377882957458496
1.179896354675293
1.8956421613693237
1.021723985671997
1.3365203142166138
0.6978434324264526
0.8813452124595642
-0.0007545948028564453
-0.34320732951164246
-0.5717446804046631
1.33259916305542
2.1185312271118164
2.7064874172210693
0.5062512159347534
0.7814399003982544
0.7057374715805054
0.46663278341293335
-0.5208630561828613
2.0333197116851807
1.3328492641448975
0.3866305947303772
-0.4623705744743347
-0.3054341673851013
-1.3198814392089844
1.1915969848632812
0.7085810303688049
0.8449222445487976
2.281306266784668
1.003057599067688
-0.4999579191207886
2.017430543899536
1.437766194343567
1.5607595443725586
2.3327088356018066
0.37763309478759766
0.17123758792877197
1.1260998249053955
-0.670557975769043
1.1287531852722168
-0.1438785195350647
1.676917552947998
1.857805609703064
-1.223365306854248
-0.902145266532898
0.6103249788284302
1.892378807067871
0.11959981918334961
1.0959762334823608
1.549604892730713
-0.03140169382095337
-0.2336726188659668
1.1812071800231934
1.2041815519332886
0.1339869499206543
-0.8444769382476807
-0.44756436347961426
2.0389671325683594
1.5227887630462646
-0.7152585983276367
-1.0152430534362793
0.5111191272735596
-0.005347013473510742
1.4015743732452393
0.9175355434417725
0.27398842573165894
2.331321954727173
0.12350893020629883
0.8025600910186768
2.1416873931884766
2.007383346557617
0.17783859372138977
1.1246564388275146
1.171379566192627
1.2582521438598633
1.4320720434188843
1.931549072265625
-1.187540888786316
1.749320149421692
0.6240360736846924
0.3722395896911621
2.4351425170898438
-0.3293725252151489
1.1470720767974854
0.6904776096343994
1.9875705242156982
1.0807445049285889
0.7628610134124756
1.5202836990356445
0.19600164890289307
0.8075546026229858
1.691954493522644
1.8403562307357788
0.6947494745254517
-0.02074885368347168
1.7445601224899292
0.2642643451690674
1.8544116020202637
0.017049849033355713
1.073617696762085
1.247603416442871
0.5934682488441467
0.6997259855270386
0.04193150997161865
1.283820629119873
0.3807234764099121
0.24428921937942505
0.9821962118148804
0.09196984767913818
-0.8952282667160034
1.5667704343795776
0.8405435681343079
1.1542160511016846
1.6429290771484375
1.303678274154663
1.1172009706497192
0.32572126388549805
-0.0023031234741210938
1.052663803100586
0.420674204826355
1.8855657577514648
1.475935459136963
1.3201812505722046
3.2168736457824707
2.2881064414978027
0.2552700638771057
-0.3983957767486572
0.8277489542961121
-0.28253424167633057
0.7277668714523315
2.065539598464966
1.7055538892745972
-0.163266122341156
0.1397693157196045
0.9134238958358765
2.007471799850464
0.5022871494293213
0.3288079500198364
0.1569156050682068
0.711064338684082
1.5906094312667847
1.5754940509796143
-0.3079805374145508
2.226970911026001
-0.5862979888916016
0.8250651359558105
0.07647216320037842
1.1362924575805664
1.2784929275512695
0.0015740394592285156
0.9233945608139038
0.5357795357704163
1.3042984008789062
0.2167149782180786
0.6759039163589478
-0.6282309293746948
0.6259012222290039
0.8931678533554077
0.9747697114944458
0.641730546951294
-1.2630668878555298
0.690438449382782
0.2967644929885864
1.6827750205993652
0.806698739528656
0.5571801662445068
-0.14164292812347412
1.715256690979004
0.8937578797340393
1.1435496807098389
1.1253420114517212
2.2505130767822266
1.526395559310913
1.3402416706085205
0.28240853548049927
0.3252619504928589
0.3748883605003357
2.4407007694244385
2.3029675483703613
0.6678973436355591
1.0138664245605469
-0.4491051435470581
1.2854077816009521
0.1696367859840393
1.7125214338302612
0.07175189256668091
0.6883625984191895
-0.17036664485931396
2.7597036361694336
0.9597896933555603
1.4610893726348877
1.3291031122207642
-0.23207992315292358
2.3485331535339355
1.8950375318527222
0.9917316436767578
0.11536526679992676
1.5966994762420654
-0.1186598539352417
2.4693994522094727
0.11139732599258423
1.2098420858383179
2.1696174144744873
-0.7082226276397705
0.9416793584823608
1.1789019107818604
1.771936297416687
0.13426238298416138
0.25942426919937134
1.0538825988769531
1.801889419555664
0.16622255742549896
1.5076812505722046
-1.2725437879562378
0.2700932025909424
1.5530802011489868
1.3954604864120483
1.6425254344940186
-0.15694773197174072
0.9006607532501221
-0.16700458526611328
0.9962292909622192
1.6349401473999023
0.07242527604103088
-0.7426447868347168
1.5708370208740234
0.9349018335342407
-0.4458043575286865
2.0908217430114746
2.400595188140869
0.5005518198013306
1.027874231338501
-0.003001093864440918
2.767759084701538
1.516477108001709
-1.0121912956237793
1.7625432014465332
1.4295129776000977
-0.4128981828689575
0.8355626463890076
0.93260258436203
-1.3653393983840942
1.443129539489746
0.11420309543609619
1.8744277954101562
0.30098795890808105
0.48660266399383545
1.2708439826965332
1.6490403413772583
1.1318989992141724
0.2515872120857239
0.8271445631980896
0.31641000509262085
0.014702081680297852
0.3512169420719147
1.8378159999847412
-0.39228808879852295
1.2203152179718018
1.3526341915130615
1.4113163948059082
0.9000334739685059
0.7682374715805054
1.216139554977417
1.7693763971328735
-0.04325670003890991
0.4944261610507965
0.5806413888931274
2.446032762527466
2.2331435680389404
1.1582205295562744
0.4659110903739929
0.6877073049545288
1.3688912391662598
1.3213682174682617
1.8295695781707764
1.2658753395080566
1.3577126264572144
1.6722643375396729
-0.688667893409729
1.5537320375442505
2.057908773422241
1.6838102340698242
0.5509310364723206
1.931166410446167
0.7001712322235107
1.419406533241272
2.4553658962249756
1.5062201023101807
0.8028988838195801
1.2121394872665405
-0.4987999200820923
2.4036967754364014
0.43690240383148193
0.42018717527389526
0.5334405303001404
0.43125420808792114
0.4726071357727051
1.6916604042053223
0.8054834604263306
1.1252506971359253
0.9941999912261963
-0.27230679988861084
0.4926838278770447
1.4162601232528687
1.768882393836975
2.522888422012329
1.083297848701477
0.4886118173599243
2.180054187774658
0.544277548789978
1.3186088800430298
-0.5035492181777954
-0.3689603805541992
0.7399387359619141
0.44654959440231323
-0.5342857837677002
1.126396894454956
1.5649396181106567
0.1096658706665039
0.8053375482559204
1.073775053024292
-0.251070499420166
2.040471076965332
1.5044643878936768
-0.33432307839393616
0.8426773548126221
1.0041005611419678
1.339100956916809
2.2061524391174316
2.1522860527038574
0.5166983008384705
2.0745365619659424
0.4675215482711792
0.8525570034980774
-0.5631682872772217
2.5194921493530273
0.6731668710708618
0.29740941524505615
1.595781922340393
1.2674837112426758
2.146301746368408
1.1184558868408203
1.0189621448516846
-0.5037736892700195
-0.39118528366088867
1.5468511581420898
1.5609874725341797
2.359365224838257
0.18601107597351074
0.4856128692626953
0.5874856114387512
-0.09396243095397949
1.2819291353225708
-1.126643419265747
0.7515056729316711
0.786533772945404
-0.9123913645744324
1.8452773094177246
1.8463135957717896
2.579937696456909
1.802499532699585
1.171109914779663
-0.45424389839172363
0.23380351066589355
-0.6414910554885864
2.406378746032715
0.019075214862823486
0.7965781092643738
1.1302374601364136
1.3448965549468994
1.7829197645187378
1.1967275142669678
0.7471698522567749
0.790105938911438
0.7419350147247314
1.694429636001587
0.7334307432174683
0.44994020462036133
0.3216109871864319
1.1694214344024658
-0.43121111392974854
-0.5446105599403381
3.193441867828369
1.8071234226226807
0.6060962677001953
-0.47727930545806885
0.10414671897888184
-0.551787257194519
0.38746869564056396
-0.051202356815338135
0.9404709339141846
1.2569586038589478
0.9437046051025391
1.2689883708953857
1.8518284559249878
0.9579761028289795
1.62966787815094
2.0939645767211914
1.6897106170654297
1.0416014194488525
0.1572023630142212
-0.9357374310493469
1.222954273223877
2.0190510749816895
1.7002789974212646
-1.823054313659668
0.7901620864868164
1.1371091604232788
-0.9819427728652954
1.1692267656326294
1.2000900506973267
0.5801811814308167
1.6113908290863037
1.4442905187606812
-0.16624385118484497
0.6300409436225891
2.329585313796997
0.72524094581604
1.9090487957000732
1.1248244047164917
2.333160877227783
-0.3477811813354492
0.10803854465484619
2.623265027999878
1.713545799255371
2.061326503753662
0.11037540435791016
2.3399503231048584
0.46319055557250977
2.029982805252075
2.902743339538574
-1.5665740966796875
0.40411341190338135
-0.7772557735443115
0.6230487823486328
1.9269307851791382
0.4336201548576355
1.0777995586395264
0.5902265310287476
-0.20521824061870575
-0.424038290977478
1.9646048545837402
1.3119481801986694
-0.7537582516670227
1.1270060539245605
1.0060293674468994
-1.027527093887329
0.5687224864959717
1.9632141590118408
3.449398994445801
1.3794355392456055
1.0983041524887085
0.603225588798523
1.5542553663253784
2.5312249660491943
0.9126858711242676
-0.5643637180328369
1.3664089441299438
-0.2850559949874878
1.15488600730896
-0.1083831787109375
0.7374409437179565
0.3183724880218506
1.8546240329742432
1.7962710857391357
-0.44858747720718384
1.5462907552719116
0.5450620651245117
1.5578099489212036
1.5352180004119873
1.511290192604065
1.9543272256851196
1.1780619621276855
0.13074219226837158
1.9731478691101074
1.3774806261062622
0.21981877088546753
1.824590802192688
-0.7355169653892517
1.101344347000122
1.0885852575302124
0.3696156442165375
1.25515615940094
1.9794920682907104
1.7538988590240479
3.2682201862335205
-0.1756764054298401
1.3162291049957275
0.2943516969680786
2.6322202682495117
-0.2359304428100586
1.0622167587280273
-0.599666953086853
1.7760034799575806
0.878732442855835
0.879828155040741
0.6554552316665649
-0.3379152715206146
0.3287074565887451
-1.1012208461761475
0.731364369392395
0.9792368412017822
2.2739202976226807
1.4048086404800415
1.4897534847259521
-0.12932181358337402
0.022944986820220947
1.1057116985321045
0.7677493095397949
1.7725250720977783
0.7709485292434692
0.8635562658309937
0.5715923309326172
0.41456007957458496
1.6561520099639893
1.1779613494873047
1.8607455492019653
1.0990865230560303
-0.8256534337997437
1.4097645282745361
0.25798285007476807
0.8462451696395874
1.289224624633789
0.011908471584320068
-1.0626945495605469
0.5647075176239014
0.6660316586494446
0.7152414321899414
0.33895134925842285
1.8574882745742798
1.3291031122207642
2.35931134223938
2.3555657863616943
0.6955842971801758
1.7350072860717773
2.0668981075286865
0.8914021253585815
0.9341915249824524
0.027428507804870605
2.086989402770996
1.6392171382904053
1.1985222101211548
0.9820404648780823
0.33173668384552
0.7175840139389038
0.954003095626831
0.7804515361785889
1.6318271160125732
0.9923710823059082
0.27542757987976074
0.4534420967102051
2.406780242919922
2.008786201477051
1.5666252374649048
1.2679768800735474
1.3095512390136719
0.7633188366889954
-0.03814351558685303
1.2455294132232666
-0.7837822437286377
0.8928278088569641
2.8145697116851807
1.623974323272705
0.9462778568267822
0.004551112651824951
1.5063505172729492
0.7625242471694946
0.6739311218261719
1.8663582801818848
0.4100426435470581
-0.3194373846054077
0.3985297679901123
2.4388504028320312
2.0178520679473877
0.9791476726531982
-0.27191638946533203
2.4026718139648438
0.5288063287734985
0.8752343654632568
0.9077268242835999
1.0740998983383179
1.0495097637176514
-0.7896901965141296
-0.2945461869239807
0.38638222217559814
1.21500825881958
0.9580139517784119
-0.851021945476532
-0.5799229145050049
1.3193517923355103
2.2246623039245605
0.37845951318740845
0.07606422901153564
-1.1137765645980835
1.182394027709961
0.40480875968933105
1.0255155563354492
0.10047996044158936
-0.4990173578262329
0.5224904417991638
1.9913268089294434
1.1773946285247803
1.955918550491333
-0.5330607891082764
3.22098970413208
1.1622706651687622
-0.34149229526519775
-0.4872662425041199
1.1911232471466064
0.04878091812133789
3.1616673469543457
-0.2603527307510376
2.4788546562194824
0.08742952346801758
-0.4039156436920166
1.2273929119110107
-1.0627881288528442
-0.43604516983032227
1.1719114780426025
-0.14636939764022827
-1.0486042499542236
0.6838927865028381
0.21328330039978027
0.17320281267166138
1.418256402015686
1.3264566659927368
1.6112799644470215
0.9292678833007812
0.5321481227874756
1.1427189111709595
0.6027411222457886
-1.5463916063308716
1.0628728866577148
1.0855693817138672
0.5737279057502747
0.5899254679679871
1.8398935794830322
1.8592453002929688
0.5594853162765503
1.6871533393859863
3.3810245990753174
-0.16054105758666992
0.9557785987854004
1.0475821495056152
1.373727798461914
0.9090447425842285
0.9931816458702087
-0.1532326340675354
1.2812402248382568
-0.8267993330955505
1.2495267391204834
2.7833006381988525
0.9774099588394165
1.2802276611328125
0.2212224006652832
0.9005314111709595
0.40518641471862793
0.02495187520980835
1.1262341737747192
1.347498893737793
0.23408138751983643
0.25721198320388794
-0.9576147794723511
0.5144627690315247
-0.6023788452148438
0.008443593978881836
0.2935507297515869
1.2371580600738525
1.2432467937469482
2.0673253536224365
0.11569130420684814
0.7068125605583191
1.7111358642578125
1.5041491985321045
1.6273634433746338
-0.9448139667510986
0.2744866609573364
1.3060953617095947
2.836658477783203
0.8890363574028015
0.8336154222488403
1.5585767030715942
0.9886623620986938
0.5958162546157837
1.9386467933654785
2.1576297283172607
0.3020685017108917
1.1285512447357178
1.179360270500183
1.128044605255127
-0.8911609649658203
0.5094239711761475
0.6732545495033264
1.1443114280700684
1.814183235168457
0.6770793199539185
1.1779332160949707
1.6485487222671509
-1.4547237157821655
1.0392614603042603
1.3312073945999146
2.0404675006866455
0.6330841779708862
0.8719483017921448
1.2592896223068237
-0.801310658454895
2.0323355197906494
-0.06049603223800659
1.413069725036621
1.187985897064209
-0.3696025609970093
0.3515416383743286
0.5157229900360107
1.44291353225708
1.1979130506515503
1.0904009342193604
1.6288373470306396
0.12736386060714722
1.0687243938446045
-0.2313830852508545
0.47550439834594727
-0.30742692947387695
0.23053085803985596
1.5956987142562866
1.4121254682540894
1.4716235399246216
2.465297222137451
2.158632278442383
-1.5128947496414185
0.7518736124038696
1.4913537502288818
1.4467263221740723
0.1401681900024414
1.2540829181671143
1.3867502212524414
-0.5870771408081055
0.9168051481246948
1.4694795608520508
1.1860105991363525
0.5056583881378174
0.12108500301837921
1.3956148624420166
1.7206822633743286
2.0919628143310547
0.8773810863494873
0.1164102554321289
1.4187954664230347
1.5826056003570557
0.5967105031013489
1.8301821947097778
0.20968472957611084
1.4429891109466553
1.1321156024932861
2.04581356048584
0.10825788974761963
1.8259761333465576
-0.2859426736831665
0.6345583200454712
-0.9447445869445801
-0.8669916391372681
1.8090440034866333
-0.5706965923309326
0.9080089926719666
0.1312279999256134
1.0879087448120117
-0.6042815446853638
1.0951416492462158
2.0578713417053223
-0.7917674779891968
1.597808599472046
-1.0984195470809937
0.018435657024383545
1.0709192752838135
0.10558110475540161
0.23163974285125732
0.22350773215293884
1.252342700958252
0.9377244710922241
0.13734889030456543
1.8184797763824463
0.9027829170227051
0.37643158435821533
1.3756804466247559
0.2717273235321045
0.6352038383483887
0.3048604130744934
-0.1579148769378662
1.5303070545196533
1.5224686861038208
-0.7319399118423462
-0.16379404067993164
1.2231709957122803
-0.4125850200653076
0.7493953704833984
0.6067154407501221
0.15470492839813232
1.092289686203003
-0.5646693706512451
0.05676627159118652
1.062464714050293
2.1002697944641113
0.2684195935726166
1.3922079801559448
0.05125552415847778
1.084963083267212
0.7730427980422974
2.4146289825439453
0.5435572862625122
0.44755780696868896
0.847297728061676
-0.15310132503509521
0.08320564031600952
-0.056189537048339844
0.18656086921691895
-0.11943817138671875
0.38726305961608887
2.2582554817199707
2.0437121391296387
1.2894264459609985
1.2565586566925049
-0.892427921295166
1.6369506120681763
0.46746575832366943
0.43436360359191895
0.9748497605323792
1.217562198638916
0.30839353799819946
0.756506085395813
1.9240740537643433
1.916285514831543
1.9244757890701294
1.7151790857315063
0.47891682386398315
0.5594865679740906
1.1814125776290894
1.7091946601867676
1.9299428462982178
1.314885139465332
0.017868876457214355
0.7697988748550415
1.070034384727478
-0.5988004207611084
0.7623205184936523
1.2633724212646484
-0.8812254071235657
-0.03446817398071289
0.5848734378814697
0.8394613862037659
0.4608341455459595
0.9936292171478271
1.6123778820037842
0.9393268823623657
0.36292219161987305
-0.20876562595367432
2.087653160095215
0.4945860505104065
0.5349270105361938
0.9235515594482422
0.9929061532020569
0.7927988767623901
0.07692331075668335
0.6742298007011414
1.661980152130127
1.361472725868225
0.29779595136642456
1.048831820487976
2.027611017227173
1.565136432647705
1.2101635932922363
2.0939695835113525
-0.4944502115249634
0.06870496273040771
0.7380255460739136
0.20950520038604736
0.12566626071929932
2.1359593868255615
-0.0757807120680809
0.6161781549453735
-0.1379842758178711
1.3143863677978516
-1.1792675256729126
0.18312335014343262
1.163027286529541
0.12003779411315918
2.5789473056793213
2.551093101501465
0.48071467876434326
0.41185832023620605
1.102015733718872
-0.9521580338478088
0.44664740562438965
1.0975933074951172
-0.04882359504699707
1.2467982769012451
0.5076265335083008
0.7029454112052917
-0.13803178071975708
1.9969297647476196
-1.2789576053619385
0.11299240589141846
0.15999281406402588
-0.7422395348548889
2.627829074859619
2.1626832485198975
1.820939540863037
0.3370509743690491
0.6923441886901855
-1.0999813079833984
-0.9181805849075317
0.04493427276611328
1.7623438835144043
2.7482995986938477
2.222301959991455
0.3324093818664551
-0.2138761281967163
0.8482176065444946
1.674128532409668
-0.2378009557723999
2.1292197704315186
0.1643315553665161
1.2874077558517456
1.3086121082305908
-0.1885594129562378
2.2299938201904297
0.24281972646713257
1.6480034589767456
1.0031085014343262
0.3880007565021515
-0.21346032619476318
0.12174251675605774
-1.0836503505706787
1.6854795217514038
0.5316015481948853
0.7808725833892822
0.6384762525558472
0.9727414846420288
2.1181297302246094
1.1275924444198608
-0.2381892204284668
0.3527600169181824
1.0932039022445679
-1.141021966934204
0.1946563720703125
0.10453414916992188
2.4760854244232178
-1.1268401145935059
0.8919744491577148
1.7771213054656982
1.405757188796997
1.1281318664550781
-0.636054515838623
-0.4441242218017578
2.2150607109069824
1.812895655632019
1.8331327438354492
-0.42684489488601685
-0.7365549802780151
1.1940243244171143
-0.05472421646118164
1.497230887413025
1.5591375827789307
1.892247200012207
1.3717927932739258
0.9486061334609985
1.3088996410369873
2.9030327796936035
-0.4926360845565796
1.6149592399597168
1.9658114910125732
-0.635018527507782
0.08349645137786865
1.1940348148345947
1.716313362121582
1.161057710647583
-0.08621752262115479
-0.030536532402038574
0.23587676882743835
1.331160306930542
1.3687522411346436
0.5494452714920044
1.5462985038757324
0.463108092546463
-1.0640355348587036
2.113412618637085
1.0234694480895996
0.4908550977706909
2.225416660308838
1.4035181999206543
-0.39200150966644287
1.1176453828811646
1.3396565914154053
1.2130305767059326
0.72503262758255
1.3302388191223145
0.5035042762756348
1.1083588600158691
0.5174423456192017
1.3904125690460205
1.148384690284729
0.9094620943069458
1.043591022491455
0.41825777292251587
0.12907040119171143
0.4269784092903137
1.137315034866333
1.7772960662841797
0.7903590202331543
0.8138056993484497
1.7099924087524414
1.5032267570495605
-0.6794163584709167
0.9170588850975037
0.6181143522262573
2.350757360458374
-1.133772611618042
1.2434090375900269
-0.3540598154067993
1.8047784566879272
1.4564399719238281
3.239255666732788
1.8191468715667725
1.2665797472000122
0.38305795192718506
1.3332340717315674
1.4807870388031006
-1.3681310415267944
0.6648401021957397
0.7782517671585083
0.977426290512085
1.8116378784179688
-0.3536399006843567
2.784026861190796
1.5420050621032715
1.1533315181732178
0.05060577392578125
1.3648693561553955
0.6627968549728394
0.31154191493988037
-0.7113912105560303
1.1973154544830322
0.2045082449913025
0.8545629978179932
2.1319987773895264
1.4258177280426025
3.225931167602539
1.234566330909729
0.8267850875854492
-0.3358733057975769
-0.056806981563568115
1.006401777267456
-0.9281030297279358
1.397240161895752
0.5474154949188232
0.9783735275268555
-0.12252599000930786
1.0534436702728271
-0.14204680919647217
0.5038871169090271
-0.45856237411499023
1.931052327156067
0.4276044964790344
1.3075264692306519
0.9542899131774902
1.7738111019134521
1.0551574230194092
0.9403825402259827
2.137235403060913
0.9069303274154663
2.0063607692718506
1.2556850910186768
1.2023924589157104
0.4901946783065796
2.0269839763641357
0.1250789761543274
0.3048703670501709
1.6899415254592896
1.373278021812439
-0.4191310405731201
1.9089436531066895
1.318686842918396
1.8484725952148438
2.2971973419189453
-0.7810790538787842
0.8730056881904602
0.5744532942771912
0.0651090145111084
-1.595399260520935
2.1091201305389404
1.0435558557510376
1.266084909439087
0.20221704244613647
1.388789176940918
0.3459658622741699
-0.032186150550842285
0.688400387763977
2.5772578716278076
1.8036084175109863
-0.5992093086242676
0.5852997899055481
1.0628857612609863
1.5726029872894287
0.17094117403030396
0.4883285164833069
1.899916172027588
0.9164700508117676
-0.42719143629074097
1.5288188457489014
0.08880048990249634
0.9780795574188232
0.24676349759101868
0.3372238874435425
0.8304605484008789
1.7453315258026123
1.8680999279022217
-0.1958802342414856
-0.6430865526199341
1.62017822265625
0.45706707239151
1.6603537797927856
1.5742123126983643
1.608359932899475
0.9051188230514526
0.8139604330062866
0.9704068899154663
-0.04312622547149658
0.6754014492034912
1.073019027709961
0.6911470890045166
2.3089702129364014
0.8724623322486877
0.9319185614585876
-0.4877462387084961
1.5698710680007935
0.2869528532028198
1.2489197254180908
1.6309977769851685
2.9781277179718018
1.0929511785507202
-0.602969765663147
1.264103651046753
0.658557116985321
0.4935675859451294
1.3800756931304932
-0.8161903619766235
1.0805680751800537
0.18962717056274414
0.4138815999031067
0.23029622435569763
2.956117630004883
1.2616915702819824
0.13088777661323547
-0.05644702911376953
0.885547935962677
0.16482020914554596
0.15617579221725464
2.878352403640747
0.7785418033599854
1.3297007083892822
0.5687046051025391
-0.26646727323532104
0.9340727925300598
0.8087151050567627
0.8030610084533691
0.28187131881713867
2.065002918243408
1.2977254390716553
1.1026880741119385
1.1280865669250488
2.0589003562927246
0.34933796525001526
1.453700065612793
-0.11847466230392456
0.2395269274711609
-0.4858134984970093
1.7050914764404297
0.7664934396743774
-1.0518910884857178
1.2178528308868408
-0.23861777782440186
1.1337182521820068
0.08642047643661499
1.095984697341919
-0.11398959159851074
-0.07189697027206421
1.2400197982788086
-0.07824572920799255
-0.5670631527900696
1.067021369934082
0.5732413530349731
1.1518940925598145
0.5265063047409058
2.5920228958129883
-0.0883781909942627
1.7106411457061768
0.021886467933654785
0.8733153343200684
1.5882571935653687
2.409842014312744
-0.16865214705467224
1.9011906385421753
1.3898848295211792
0.535340428352356
0.43704038858413696
1.158123254776001
1.3020291328430176
1.8465652465820312
0.6013036966323853
0.8687126636505127
0.7119472622871399
1.3850369453430176
2.360171318054199
0.8223737478256226
-0.21346449851989746
0.47150957584381104
0.024629414081573486
0.08219200372695923
0.7862900495529175
-0.4342554807662964
0.8446194529533386
1.9255157709121704
1.1344702243804932
1.9335795640945435
0.5169488191604614
1.0435363054275513
-0.28321152925491333
0.15056467056274414
0.21104705333709717
0.6477887630462646
0.21822863817214966
0.8936336636543274
-0.21988773345947266
1.0932353734970093
0.44165194034576416
0.9385117292404175
0.1295183300971985
0.8050787448883057
1.1721208095550537
0.9459945559501648
2.152768611907959
0.626923143863678
-0.3531457781791687
0.44046205282211304
0.7874470949172974
0.49115198850631714
1.1253948211669922
-0.278403639793396
1.0222055912017822
-0.044460564851760864
-0.6875039339065552
0.9372771978378296
1.743152141571045
0.9243005514144897
1.9115355014801025
1.1144461631774902
0.9674625396728516
1.1177539825439453
-0.5861786603927612
0.9215927124023438
1.1748945713043213
-0.22618550062179565
1.4132086038589478
0.15447580814361572
0.17988091707229614
2.2474241256713867
-1.5529733896255493
1.0227954387664795
1.9471046924591064
-0.779343843460083
1.5153450965881348
1.2939872741699219
-0.13615119457244873
1.1554479598999023
-0.01489555835723877
0.466977596282959
-0.8701460361480713
0.7673519849777222
1.1364285945892334
1.7509090900421143
0.28438442945480347
-0.28057193756103516
1.7258379459381104
1.9194724559783936
-0.29346245527267456
1.1392213106155396
0.6308053731918335
0.829566240310669
0.4044994115829468
0.3351236581802368
1.7988653182983398
-0.47203314304351807
1.4949686527252197
0.387145459651947
0.21078476309776306
2.356771230697632
0.2913874387741089
0.8533035516738892
0.520713210105896
1.299586534500122
1.2274169921875
1.7912747859954834
1.0740692615509033
-0.6700925827026367
-0.1834566593170166
0.8738220930099487
1.1185848712921143
1.802974820137024
1.367231845855713
0.699080228805542
0.9714298844337463
-0.7741941809654236
0.1541011929512024
0.29669833183288574
0.13658058643341064
0.508050799369812
2.295504570007324
2.3432083129882812
1.0998785495758057
0.6558578610420227
-1.4171737432479858
2.097968578338623
1.3958152532577515
-0.2708263397216797
0.32485830783843994
-0.6449364423751831
0.6798815727233887
-0.9550983309745789
-1.2673702239990234
0.8100797533988953
1.3388540744781494
1.7858299016952515
1.9228441715240479
0.6480394601821899
0.8833776116371155
1.199469804763794
2.541738986968994
0.028475701808929443
-0.54396653175354
1.6855978965759277
1.4516897201538086
1.2362585067749023
0.26680195331573486
1.3621171712875366
1.3920104503631592
-0.12620437145233154
1.02028226852417
0.4855141043663025
-1.1597144603729248
0.7198630571365356
0.7782684564590454
0.5522489547729492
1.42352294921875
0.8970199823379517
0.29740238189697266
0.9780511856079102
0.5678262710571289
1.581831693649292
-0.1296900510787964
2.1780335903167725
1.0250910520553589
1.1087682247161865
1.577360987663269
0.3870900273323059
0.7700305581092834
0.9674389958381653
1.5015472173690796
1.5377790927886963
-0.1671391725540161
-0.66667240858078
0.42019104957580566
2.546367645263672
0.9728261232376099
-0.5430378913879395
0.4450899362564087
0.718233585357666
2.45967960357666
0.857495903968811
2.679596185684204
0.7550759315490723
2.0042073726654053
1.8169152736663818
1.2903895378112793
2.2867774963378906
0.2187524437904358
1.938402533531189
1.5623788833618164
2.169036865234375
0.10592103004455566
1.148637294769287
-0.3033573627471924
-1.8354169130325317
2.339017152786255
1.0844558477401733
-0.3197767734527588
0.3549935221672058
0.6070323586463928
1.677609920501709
1.1431292295455933
0.6129138469696045
0.7517508268356323
0.7888094186782837
-0.30578094720840454
0.8566393256187439
0.23211216926574707
1.1099307537078857
1.0738905668258667
0.7873254418373108
-0.09068000316619873
1.2120487689971924
-0.40069079399108887
1.0177240371704102
1.8152461051940918
0.18243080377578735
0.14924323558807373
1.6432673931121826
1.8071084022521973
0.8269065618515015
2.0050954818725586
-0.07855349779129028
0.025381147861480713
1.250467300415039
0.49987196922302246
1.2762778997421265
1.2950363159179688
1.8719309568405151
-0.008685588836669922
1.4432247877120972
0.17668092250823975
1.853745698928833
-0.2394670844078064
1.048527717590332
1.9358694553375244
0.951905369758606
1.6186085939407349
0.04459965229034424
2.206899404525757
-0.39670461416244507
1.108400821685791
0.7000814080238342
1.6495256423950195
1.5947608947753906
0.15043720602989197
1.0924961566925049
1.2502970695495605
2.445162057876587
1.540018081665039
1.2547931671142578
2.598501682281494
0.46530431509017944
0.6852971911430359
0.6011675596237183
0.009833931922912598
0.2503165006637573
1.093385100364685
1.4146977663040161
2.3596549034118652
1.0029869079589844
0.24748611450195312
2.192166566848755
0.5561021566390991
1.282806396484375
-1.710096836090088
1.180571436882019
2.044149398803711
1.6671934127807617
1.0307824611663818
0.5240362882614136
0.19322669506072998
0.344119668006897
-1.316457986831665
-0.7861471772193909
0.40343767404556274
0.5592948794364929
0.7557733654975891
0.8214198350906372
1.4903422594070435
1.5278373956680298
0.17395687103271484
-0.5065678358078003
1.122765064239502
0.3708285093307495
1.7244863510131836
2.058814525604248
1.7075377702713013
0.7400418519973755
-0.19712334871292114
0.862351655960083
0.045747578144073486
-0.2808411121368408
0.5930643081665039
0.5791675448417664
-1.099247694015503
0.25515663623809814
1.8551549911499023
1.0374886989593506
0.85252845287323
0.7488117218017578
0.25117379426956177
1.8388664722442627
0.983547568321228
0.13217103481292725
1.7637051343917847
0.34653782844543457
2.1249759197235107
2.2969164848327637
1.336784839630127
-0.7498986721038818
0.6653767824172974
1.6745479106903076
0.41232287883758545
0.21656739711761475
1.6068577766418457
-0.49001991748809814
0.109108567237854
0.3153742551803589
1.9050490856170654
0.903256356716156
1.5918841361999512
2.3947699069976807
-1.7185319662094116
1.2022223472595215
-0.6517829895019531
1.1886447668075562
0.15844309329986572
0.4854751229286194
-0.020311594009399414
0.9434584379196167
0.7454541921615601
1.4817043542861938
0.7863380908966064
1.1898493766784668
0.789362370967865
-0.1560538411140442
1.6978453397750854
0.5125950574874878
0.8315548896789551
1.2162528038024902
1.958859920501709
1.086159586906433
-0.4565960168838501
0.4460885524749756
2.002636432647705
-0.07135975360870361
0.15754377841949463
1.9070677757263184
1.930385708808899
0.6201320886611938
1.4296141862869263
0.9714480638504028
0.08803737163543701
0.9569606781005859
-0.4029107093811035
1.4555323123931885
1.9549981355667114
1.593873143196106
-0.0367681086063385
0.9995666742324829
-1.0115182399749756
-0.0348697304725647
2.3460116386413574
0.5722472667694092
0.38675493001937866
1.9706279039382935
0.5568623542785645
1.474228024482727
-1.27853262424469
2.172305107116699
2.2296178340911865
-0.09115666151046753
1.5802065134048462
-1.538387417793274
0.8475189208984375
0.39554524421691895
0.6562693119049072
0.15655004978179932
0.6669625043869019
1.668156385421753
0.28266608715057373
0.06573453545570374
1.3974497318267822
0.6426544189453125
2.4075303077697754
1.4761619567871094
1.2868645191192627
-0.34916090965270996
0.9626465439796448
1.64393949508667
-0.5131663084030151
0.6645286679267883
0.15560591220855713
1.4400787353515625
-0.4967705011367798
0.989521324634552
1.503014087677002
1.6708438396453857
-0.7236664295196533
0.34975677728652954
0.20639508962631226
0.16519856452941895
0.755794107913971
-0.02796417474746704
-0.3666055500507355
1.6076288223266602
0.3466072082519531
-0.4604067802429199
0.20141160488128662
0.9890386462211609
0.931065559387207
1.3300427198410034
1.658674716949463
-0.1499585509300232
0.976559579372406
1.97025728225708
1.4342106580734253
1.8404927253723145
-0.29692310094833374
1.3394922018051147
0.4626082181930542
1.3238365650177002
-0.22622549533843994
0.2942579686641693
0.12223494052886963
0.2902485728263855
0.17592918872833252
0.9779713749885559
0.03570711612701416
1.6216766834259033
1.3395187854766846
1.376678466796875
-0.4294661283493042
2.371955633163452
-0.507355809211731
0.9574179649353027
1.9067518711090088
1.8371634483337402
0.3799172639846802
1.3027154207229614
0.6122633218765259
1.577772617340088
1.270958423614502
0.4347538948059082
0.8791757822036743
0.15089000761508942
1.0230622291564941
1.8720887899398804
-0.3104367256164551
0.43269091844558716
0.5727909803390503
0.40030860900878906
0.2743957042694092
1.281760334968567
1.5253093242645264
0.8592370748519897
1.5377227067947388
-0.5312657952308655
1.0664983987808228
2.1839892864227295
1.1203030347824097
0.14088422060012817
1.3967862129211426
0.46078264713287354
0.4499378204345703
1.0177638530731201
1.4597605466842651
1.6925570964813232
2.0309736728668213
0.43567147850990295
2.286585807800293
-0.2778784930706024
1.356454849243164
0.5757561922073364
0.8889479637145996
0.6723306179046631
0.03768056631088257
0.5580929517745972
1.8226215839385986
-0.18734651803970337
-0.04074084758758545
-0.1759057641029358
0.9894696474075317
1.4564878940582275
1.0692245960235596
1.836464762687683
2.2639129161834717
0.06625103950500488
1.392345905303955
1.4403002262115479
-0.6688686609268188
0.6221625804901123
1.42709219455719
1.2413654327392578
1.2269259691238403
1.5434138774871826
1.7512037754058838
0.7803916931152344
-0.1775451898574829
0.5583213567733765
-0.07583069801330566
0.46431225538253784
-0.06980705261230469
-0.19262778759002686
0.0969926118850708
2.0453829765319824
1.1465930938720703
0.06535673141479492
1.0306514501571655
2.2700347900390625
-0.28598594665527344
1.2074881792068481
1.342127799987793
1.9128907918930054
-0.058515727519989014
2.5532479286193848
0.6191527843475342
0.6756781339645386
0.9856756329536438
2.063885450363159
1.6143486499786377
1.0084784030914307
1.515019178390503
1.5642205476760864
0.06686478853225708
0.9683088064193726
-0.38560354709625244
2.8587982654571533
0.7813488245010376
0.7929672002792358
0.7407715320587158
0.48124563694000244
1.2817906141281128
0.8518080115318298
-0.4114968776702881
1.6882867813110352
-0.8415012359619141
0.23159807920455933
-0.7689551115036011
1.0068005323410034
1.1754138469696045
-0.5708388090133667
1.0700006484985352
2.878098726272583
-0.37503284215927124
2.1048951148986816
1.381056308746338
1.8730876445770264
0.8012858033180237
-0.2637290954589844
0.12402838468551636
-0.3277677297592163
0.671720564365387
1.4802223443984985
2.1038239002227783
0.9019132852554321
1.2039854526519775
0.37078845500946045
1.2316962480545044
0.2050495147705078
0.5173538327217102
1.223703145980835
1.0297775268554688
1.1547244787216187
-0.4976910352706909
0.9172815680503845
0.5013420581817627
2.22448468208313
0.6888100504875183
0.22536659240722656
0.963647723197937
2.638387680053711
0.4676191210746765
0.8024228811264038
0.5000933408737183
1.5300407409667969
-0.4769657850265503
-0.5441606640815735
0.17581987380981445
0.9401906132698059
0.16314849257469177
0.12698590755462646
0.8999114632606506
1.009671926498413
-0.620413601398468
1.0992109775543213
1.6705994606018066
0.7416909337043762
0.7369001507759094
0.9482752084732056
1.6454973220825195
0.6625204086303711
0.6352138519287109
1.843475580215454
-0.945225715637207
1.4624725580215454
-0.6139304637908936
0.40659916400909424
0.1973710060119629
1.3287345170974731
1.4544413089752197
2.0297365188598633
-0.09747177362442017
0.276076078414917
0.8934371471405029
-0.5946191549301147
3.8745267391204834
0.4947901964187622
-0.1985372006893158
0.49929559230804443
2.700882911682129
1.5547810792922974
1.072033405303955
1.6375263929367065
0.9468793272972107
3.2967913150787354
-0.2429715394973755
1.977504849433899
2.045264720916748
1.5568665266036987
1.3726706504821777
1.7609963417053223
0.4731343984603882
1.72087824344635
0.7783579230308533
2.692049026489258
0.7969199419021606
-0.7569612860679626
1.1019513607025146
0.25032567977905273
2.0534210205078125
0.931861162185669
1.7260096073150635
-0.36798739433288574
1.2573909759521484
1.8543565273284912
1.11194908618927
1.820349097251892
2.05338978767395
1.0708041191101074
2.2037649154663086
-1.25337553024292
0.1791539192199707
-0.17534494400024414
-0.27254194021224976
1.3977992534637451
2.278090000152588
1.1302602291107178
1.0604193210601807
0.24976491928100586
0.13189297914505005
0.8811599016189575
1.8108470439910889
-0.22141045331954956
-0.22590887546539307
2.4293630123138428
0.7241862416267395
0.4924272894859314
-0.07553321123123169
1.9108188152313232
0.19554412364959717
0.7109788656234741
0.9202730655670166
0.9450424909591675
1.4268853664398193
1.7808189392089844
-1.1657612323760986
2.0204248428344727
0.870319128036499
-1.159542441368103
-0.3074414134025574
-0.011794626712799072
1.37566077709198
0.4634963572025299
0.9600324034690857
1.4234895706176758
1.0799343585968018
1.1033811569213867
2.0738677978515625
1.537985920906067
-0.08296841382980347
0.1572864055633545
-0.8788301944732666
1.7965731620788574
0.5211715698242188
1.5698645114898682
2.3129563331604004
0.49108970165252686
1.257680058479309
3.0325090885162354
-0.24095577001571655
0.5495645403862
0.9499853849411011
1.1608049869537354
2.0607776641845703
2.3152735233306885
0.5683044791221619
0.7860169410705566
2.231456995010376
1.091890573501587
0.6677612066268921
0.08305704593658447
0.5526293516159058
0.6278214454650879
-0.26005083322525024
1.1393088102340698
0.6961818933486938
2.6435980796813965
1.420663833618164
2.3392224311828613
1.1986098289489746
1.0813064575195312
1.7676268815994263
0.7110688090324402
1.1736953258514404
1.2338426113128662
2.0146825313568115
3.0159902572631836
-0.04023081064224243
-0.550269603729248
2.5470447540283203
-0.4781607985496521
0.3816651701927185
0.8895533084869385
0.9323768615722656
-0.9830862879753113
-0.3122023940086365
0.1370719075202942
0.3454456329345703
2.190331220626831
0.2525371313095093
-0.646822988986969
0.7801555395126343
-0.2599707245826721
1.0237629413604736
1.104812502861023
0.9263478517532349
1.6449217796325684
0.537518322467804
-0.07083356380462646
